1 data 5.3115112 4.9662388 4.8311007 4.6254963 4.6066877 4.7016866 4.8142687 4.4809521 4.5171433 4.6184458 5.3264784 4.6495297 5.0029843 4.7450475 3.9889957 3.9890715 4.3354069 4.6961448 4.2264755 4.0927678 5.1131222 5.0777156 5.4591523 4.7428626 5.3711381 4.6251661 5.0965982 5.1235556 4.8038735 4.9978385 5.1130279 4.657744 4.9439063 4.8358261 4.9491217 4.6870112 5.2376088 4.9129097 4.8763946 5.2214149 5.4829057 5.007109 4.4583469 4.7321443 4.9836904 5.0871266 5.4254725 5.3779551 5.3052108 4.9079161 4.726181 4.5218229 4.5658295 4.5719362 4.6063895 4.1359336
2 data 9.9224458 10.177289 9.6867052 9.4149242 9.6797551 9.4666895 9.9969495 9.0340241 8.8898668 8.9313344 9.4984315 9.218015 8.820873 9.2220889 8.1778824 8.379765 8.5856555 9.1011602 8.3744401 8.6630056 9.5242775 9.2578067 9.5051419 9.1999353 9.7618757 8.895297 9.8661872 9.6499253 9.0050955 9.4928717 9.5533608 9.1112018 9.4125459 9.4623617 9.2315846 9.7353722 9.8442581 9.73529 9.5353759 9.5286941 10.238202 9.9017193 8.8485913 9.2399648 9.1356166 9.5697039 9.985974 10.006452 10.074253 9.3552933 9.0298938 8.5744809 8.970396 9.2919408 9.0544138 8.7641834
3 data 17.613635 18.262795 17.977306 17.184701 16.983322 16.65955 17.460881 16.612904 16.865738 16.866814 17.195972 17.267533 16.854043 16.988512 16.323915 16.75143 16.578492 16.645642 16.178846 16.837968 17.201439 17.443552 17.232135 17.296 17.4704 17.065758 17.900055 17.459735 17.1341 17.433799 17.269052 16.937683 17.052953 17.601329 16.868431 18.205467 17.698229 17.498737 17.636464 17.67121 18.318698 17.643866 16.47662 17.02924 16.948174 16.984764 17.488795 17.495977 17.416419 17.288873 16.990999 16.612191 17.067424 16.684311 16.602496 16.922788
4 data 23.931501 24.72934 24.354949 23.214767 23.322602 23.395907 24.104778 23.054622 23.668117 23.495597 23.487068 23.568202 23.377227 23.257076 22.961218 24.122224 22.766947 22.908984 22.408898 23.403066 23.617359 23.509827 22.598553 23.208961 23.343461 23.865089 25.301601 24.168114 23.604025 23.967078 24.113895 23.404856 23.674924 24.688331 24.069453 25.545372 24.846149 24.794361 24.642719 24.697426 25.498874 24.896432 23.612574 24.122522 24.003239 24.411714 24.538745 24.511439 24.132697 24.521581 24.156472 23.921891 24.660361 23.948281 23.8045 24.405576
5 data 26.409289 26.137118 26.052033 25.980852 25.902305 26.226389 26.047873 25.739428 26.004926 25.738765 25.953312 25.844183 26.04558 25.663261 26.116875 26.468966 26.022568 26.027372 26.051103 25.632955 25.94133 25.942418 25.82079 26.055141 25.882225 26.235988 26.017107 25.585926 26.011561 26.158086 25.915431 25.599804 26.207375 26.209672 26.332942 25.81355 25.979009 26.080298 26.228986 25.802439 26.235862 26.09473 26.261646 26.272631 26.149587 26.322796 26.11112 26.262322 26.169495 26.297156 26.218954 26.004017 26.159406 25.711288 25.903574 26.327458
6 data 25.167118 24.825301 25.199718 24.997249 25.328955 25.268305 25.051131 25.015619 24.97772 24.53145 24.743585 24.863256 24.736751 24.46385 24.874825 24.874882 25.056715 24.996836 25.254992 24.39993 24.655403 24.627365 24.633783 24.776558 24.486927 24.837848 24.543248 24.529823 24.905113 24.965244 24.633374 24.228159 24.796107 24.994593 25.060269 24.88718 24.73857 24.898422 25.12414 24.570935 25.096887 25.102476 25.056007 24.797643 24.705715 25.202443 24.937182 24.687704 24.66179 24.683391 25.008813 24.565401 24.531004 24.45843 24.545268 24.807833
7 data 12.690594 11.75957 11.969348 12.063109 11.581604 11.710583 11.576635 10.921248 10.51323 10.769369 10.753668 11.409794 11.935984 11.793248 11.713037 11.821116 12.403544 12.588354 12.410642 12.392719 12.101002 11.757902 12.458449 12.20764 11.766398 11.928647 12.599357 12.39423 12.799832 12.583205 11.9909 11.735619 12.381191 12.660095 12.698957 11.916828 12.06592 12.44323 12.816108 11.670671 12.022979 12.35973 13.250407 12.833935 12.752615 13.091275 12.06217 11.823493 12.138336 12.975335 12.372735 12.724022 12.760667 13.123679 13.096985 14.340202
8 data 7.3136538 7.9208385 7.2342921 8.1136109 7.6364852 7.2592856 7.3319339 6.7849687 6.6620438 7.1670962 7.6986242 7.7438935 7.9234952 8.0840373 7.8714093 7.3836858 7.6926061 7.5079546 7.5201483 7.9206167 7.6589728 7.7622782 8.1620217 7.720978 8.2192492 7.6856701 8.573107 8.322325 7.5644796 7.4394287 7.8238784 7.6442302 8.0549292 7.8528353 7.8456947 7.9815312 8.0434473 8.1331174 8.0431567 7.8117789 7.5463483 8.1507653 9.0146944 8.894748 8.576445 8.3424643 8.5861165 8.0717992 8.6042016 9.0484318 8.4116457 8.520751 8.3701846 8.9260246 8.6263842 10.026648
9 data 4.4747004 5.2622867 4.6166224 5.3407832 5.2304739 4.9830284 4.9411049 4.6273963 4.8794892 5.3863412 5.8489724 4.7883965 5.2718576 5.3083266 5.0906834 4.5157327 4.899566 4.6759251 4.8160439 4.9932584 5.0215797 5.0642424 5.529835 4.9958049 5.8817221 4.9769294 5.5702897 5.1127811 4.4626594 4.9034566 5.3161616 5.5653755 5.4357307 5.0008931 4.5469911 4.7808014 4.8626793 5.0278509 5.0766608 5.5098173 5.1486982 5.7795961 5.9443974 6.060684 5.7057725 5.188014 5.6835267 5.6965719 6.060715 6.4135001 5.6004233 5.9080206 5.3568526 5.9457274 6.0970154 6.7701493
10 data 24.958409 24.708969 25.039465 25.178028 25.108615 25.043649 25.034408 24.907427 24.731902 24.976842 25.302804 25.321356 25.016672 25.061551 24.92157 24.709338 24.775051 25.278557 24.914506 24.764666 24.864969 24.732697 24.697386 24.601965 24.902356 24.520849 24.461813 25.289305 24.632732 24.759584 24.67422 25.233575 25.007955 24.785043 24.763472 24.622459 24.764017 24.871187 25.026891 25.144121 24.976623 24.752421 25.088128 25.212771 25.203322 25.002173 25.089912 25.190454 25.088814 25.06474 25.215865 25.231338 25.051638 24.968124 25.23091 25.007052
11 data 27.707846 27.891728 27.682326 27.116203 27.249554 27.116651 27.487822 26.971407 27.379873 27.27617 26.958907 26.908809 27.529482 26.947497 26.676906 27.66636 26.985851 26.855755 26.642049 27.10937 27.129495 27.105076 26.991908 27.121865 26.866906 27.48229 28.219371 27.046564 26.788518 27.179762 27.714376 27.000603 26.957409 27.556862 27.52222 27.756286 27.614096 27.501452 27.500318 27.267272 28.148769 28.003614 27.080828 27.178315 27.227201 27.578774 27.560988 27.585352 27.352082 27.556191 27.329744 27.293333 27.56091 27.368568 27.187539 27.539009
12 data 27.778671 28.209473 27.89849 28.203591 27.952455 27.975576 28.015141 27.868524 27.625682 27.79582 27.634538 27.703442 28.228463 27.843488 27.514303 27.687824 27.774707 27.377924 27.413243 27.365179 27.680702 27.748514 27.766243 27.878817 27.92399 27.600293 27.907555 27.460275 27.375621 27.40839 28.034656 27.75161 27.473062 27.703694 27.593972 27.634196 27.739328 27.647091 27.986366 27.749351 27.905177 28.193336 27.89115 27.646616 27.842056 27.881407 28.083119 28.01024 28.161357 28.027707 28.040318 27.845346 27.873637 28.303066 28.028926 28.000438
13 data 16.756154 16.577149 16.221257 16.503214 16.301526 16.01513 16.252956 15.775518 16.607301 15.84404 15.598117 15.932139 16.387807 15.730208 15.485428 16.667417 15.605729 15.697053 15.910748 16.325828 16.375302 16.532399 16.755207 16.727276 16.679759 16.763665 17.317104 16.225809 16.262019 16.205497 16.827937 16.02517 16.28003 16.014673 16.237511 16.666099 16.672235 16.51748 16.485993 16.331367 17.62875 17.149797 16.179726 16.302621 16.202646 16.427054 16.324928 16.365799 16.256564 16.585532 15.850798 16.386663 16.447172 15.996797 15.992152 16.518976
14 data 10.643301 10.42271 10.31603 10.788143 10.288437 11.349948 10.843216 10.744988 10.807123 10.756837 10.551654 10.972409 10.895238 10.937106 10.38916 10.828337 10.958221 10.880902 10.888371 10.341339 10.6724 10.679349 10.995275 10.984258 10.871986 10.880539 11.019097 10.596141 10.943073 10.515264 10.647009 10.451354 11.200323 10.74131 10.64155 10.553908 10.958726 10.82276 10.537712 10.811795 10.900798 11.228891 11.018923 10.972765 10.733838 10.687151 10.584315 10.985565 10.838763 10.773013 10.499927 10.589297 10.757403 10.429128 10.788551 10.900345
15 data 21.870987 22.521963 22.293128 22.002259 22.48737 21.674384 21.970145 21.418901 22.004644 22.162606 22.173128 21.505847 21.811392 21.760725 21.748432 22.128468 22.173907 21.904155 21.730749 21.904113 22.56352 22.095015 21.492473 22.026234 21.668782 21.87689 22.383174 22.758077 22.268924 22.885703 22.800542 22.282296 22.453838 22.516175 22.63819 22.85063 22.86148 22.778665 22.675026 22.707169 22.566725 22.828748 22.463129 22.494455 23.164863 23.093342 22.976336 22.585086 23.004303 22.803425 22.83638 22.490056 22.782633 22.781117 22.260996 22.727544
16 data 26.722078 26.77251 26.898189 26.713006 26.696757 26.702058 26.689985 26.796255 26.85195 26.776638 26.7026 26.390423 26.989936 26.665295 26.727686 26.797448 27.327755 26.881859 26.778059 26.560735 26.808322 26.746662 26.635725 26.569305 26.300974 26.433548 27.087512 27.251447 26.874939 27.090494 27.366543 27.295049 27.148789 27.071175 26.788825 26.660985 26.929787 27.071259 27.0347 27.165748 26.886916 27.526023 27.139185 27.182514 27.185955 27.194884 27.437868 27.140214 27.205045 27.190156 27.072473 27.119309 27.327275 27.467218 27.083737 26.869557
17 data 27.761744 28.108183 27.808074 27.799723 27.728487 28.041676 27.950782 27.901076 27.685458 27.970688 27.730758 27.765655 28.138449 27.948494 27.440633 27.508561 27.778444 27.403242 27.458338 27.292585 27.529149 27.521447 27.76062 27.70839 27.676257 27.440608 27.775436 27.555896 27.537023 27.445965 28.014051 28.000175 27.681025 27.80422 27.547535 27.543623 27.691647 27.766314 27.878634 28.014661 27.888048 28.345778 27.999802 27.913604 27.876439 27.905365 28.087981 28.12729 28.298593 28.122118 27.993513 28.059607 28.012544 28.621065 28.249036 28.010605
18 data 0.8325816 0.79110021 0.67645057 0.99559292 1.0188128 0.96689246 1.0149038 0.6709723 0.86067076 0.81408461 0.49463927 0.53770736 0.53936684 0.16342029 0.41232819 0.39178118 0.63744572 0.75258913 0.73436353 0.62997465 0.92475564 0.69314585 1.0036533 1.1192221 0.9986189 0.53163842 0.31397019 0.35117873 1.1384204 0.79862761 1.0714443 1.0602023 0.62841257 0.71885753 0.91207338 0.76095042 0.61441902 0.817462 0.80225591 0.48914012 0.90243138 1.0607991 0.92112751 1.0062994 1.3076714 1.2436897 1.4236507 1.4317807 1.234182 1.2505832 1.2085161 1.2169833 1.2229365 1.7401022 1.0241654 1.2556957
19 data 2.036932 1.8464804 1.6341535 1.872365 1.952127 1.6742032 1.3442359 1.5224841 1.2445948 1.7224823 1.4037421 1.2894045 0.717028 0.6896603 0.48538185 1.6495524 1.6990482 1.4164653 1.0469983 1.3878098 1.3089356 1.7152172 1.6174999 1.9155626 1.2458365 1.3047573 1.3026794 1.6130172 2.0879017 1.8127573 2.0498263 1.766655 1.2410277 1.7112491 1.9287954 1.6052803 1.5685377 1.8282974 1.5260951 1.8846646 1.8367952 1.8813524 1.7234256 1.7112798 1.9027769 1.876273 2.6411954 2.1681702 2.0240795 1.693579 1.8572081 1.7542452 2.1928831 1.9874406 1.2807618 1.6020903
20 data 3.6662825 3.1893412 3.6730095 3.3404785 3.7205733 3.2622563 3.3195594 3.3357428 3.2676016 2.6327984 3.6570214 2.6945722 2.9020532 3.3641953 3.3076265 3.6652667 3.8389855 3.695234 3.5735317 3.6778203 3.2757039 2.7069117 2.6885417 3.0609083 2.9486206 2.8020603 3.3823509 3.5842121 3.0797789 3.0242293 2.8332081 3.2716342 3.857989 3.9010196 3.5599559 3.3803845 3.4357773 3.2144141 3.6263574 3.2363892 2.9596802 2.8042319 2.9088258 3.6463754 3.2440308 3.1398743 3.2682776 3.5024286 3.5120653 3.547346 3.5298214 3.7638359 3.7620278 3.3159176 3.8718883 3.7207405
21 data 8.4694438 8.3728589 8.5932242 8.9564621 9.1614829 8.4234136 8.5913256 8.3188126 8.26932 8.087605 8.5181138 8.3755751 8.7921292 8.3402017 8.3744495 8.9064343 8.4578364 9.0471187 8.359677 8.5380929 7.9059158 7.9039488 7.7715426 8.4555833 7.954652 8.0425084 8.1786899 8.2470449 8.1568227 7.9746623 8.0383179 8.5389568 8.4489533 9.0258847 8.6034897 8.467352 8.2739501 8.1890277 8.0589773 8.1415777 8.4912812 8.752977 8.7791734 8.5717784 8.4396184 9.034307 9.0044813 8.9931034 8.8730769 9.1021902 8.9057197 9.1448398 9.0561151 8.7298536 8.9988081 8.6956788
22 data 10.083177 9.8402679 10.699178 10.204137 10.382406 9.4580775 9.348556 9.8428054 9.5787333 9.7232584 10.101591 10.09695 9.918798 9.6121557 10.157985 9.9861179 10.126447 10.205136 10.279841 10.247525 9.8276351 9.6740065 9.1615412 9.8061257 9.6412479 9.9714566 9.8967554 9.8574833 9.6328786 9.3147032 9.4808717 10.188477 10.688934 10.691232 10.170708 10.433085 9.760072 10.16346 10.555586 9.5953588 10.620766 10.482256 10.841193 10.54656 10.661406 11.132948 11.102658 10.801245 10.710667 11.121924 11.029049 10.927774 10.866458 10.259061 10.545906 10.421629
23 data 7.5974693 7.5535146 8.4804381 7.9421278 8.4698379 7.3741705 7.776391 7.7499833 7.5096673 7.6484677 8.3466851 8.2230029 7.8796811 7.6335243 7.6967828 7.9267183 8.5023912 8.2059439 8.8092003 7.453937 7.4251207 7.1809324 6.8330028 7.2197238 7.2514802 7.6951078 7.8692522 8.0278767 6.4867677 7.2502219 6.3464122 8.0245605 8.7016673 8.7427842 8.1425011 8.6481252 7.9091147 8.1229172 8.350181 7.7314889 8.499389 7.9779865 8.7881275 8.5756651 8.8021726 8.9214141 8.3132838 8.3251338 8.6912455 8.8441847 8.8080904 9.2746616 8.4560703 8.023964 8.3758692 8.4201061
24 data 13.106315 12.937523 13.481684 13.118008 13.067821 12.664355 12.283802 12.890386 12.560686 12.937659 12.689748 12.992998 12.966791 12.774784 13.010477 12.347602 12.838092 12.382406 12.81849 12.880472 12.55986 12.723413 12.563319 12.662209 12.782193 12.909742 12.858564 12.914142 12.676839 12.224177 12.741223 12.71151 13.442899 13.310427 12.67576 12.644655 12.618865 12.645158 13.350174 12.902053 13.370285 13.232959 13.228942 12.929102 13.283663 13.210788 13.479881 13.298822 13.386702 13.516086 13.583236 13.271892 13.226797 13.143165 13.161836 13.083778
25 data 16.478999 16.37382 16.619548 16.472969 16.820985 16.611817 16.150811 16.659526 16.350839 16.524847 16.420855 16.534488 16.371401 16.380636 16.230911 15.685119 16.293777 15.890963 16.326232 16.291696 15.998727 16.259748 16.304851 16.498723 16.413232 16.592095 16.572885 16.33159 16.745554 16.249165 16.863599 16.708792 17.198478 17.103194 16.45169 16.494595 16.402372 16.552714 17.067266 16.785868 17.419407 17.128691 16.979858 16.84025 16.967428 16.861784 17.17187 17.086533 17.087627 17.439341 17.051038 17.098947 16.961308 16.962862 17.221775 17.080473
26 data 19.632274 19.734757 19.659575 19.977976 19.963149 19.998233 19.986038 19.949431 19.615196 19.89762 19.830999 19.859484 19.63058 19.633376 19.559494 19.276976 19.511178 19.327632 19.340244 19.259252 19.432462 19.079088 19.629956 19.211812 19.405814 19.781734 19.565725 19.231152 19.695829 19.847271 19.631551 19.917272 19.707456 20.06215 19.58361 19.577108 19.754388 20.207595 19.801575 19.708692 19.91388 20.002053 20.279294 20.109486 20.226372 20.108517 20.500459 20.041931 20.079295 20.274652 20.09949 20.048074 20.294502 20.248662 20.550092 20.612843
27 data 21.529595 21.908145 21.369183 21.587739 22.06695 21.977197 21.771913 21.785478 21.47241 21.979368 21.585326 21.478836 22.248557 21.817928 21.390965 21.031678 21.448897 21.095648 21.302676 21.565973 21.437026 21.76298 21.805965 21.964487 21.821635 21.75141 21.889761 21.574829 21.735421 21.279004 22.202757 21.900047 21.983124 22.160192 21.631244 21.45473 21.363835 21.402057 22.181664 22.081889 22.401948 22.179263 21.678345 21.696472 22.212272 21.929486 22.144064 22.191763 22.249635 22.368935 21.850678 22.06968 21.944751 22.709643 22.244327 22.075455
28 data 26.90487 26.917471 27.235317 27.261742 27.236167 27.189686 27.657248 26.892411 26.946071 27.420112 26.963322 27.198699 27.273649 27.319323 26.973179 27.014481 27.630513 26.993889 26.986272 26.493742 27.041162 26.86041 27.200031 27.007114 27.210085 26.837961 27.130379 27.689782 27.086012 27.037072 27.663758 27.720189 27.485693 27.32841 27.375538 27.110053 27.415997 27.330688 27.690337 27.419231 27.315211 27.964598 27.625324 27.475322 27.47477 27.499332 27.721233 27.580188 27.614655 27.700601 27.779895 27.849432 27.42835 27.933591 27.513747 27.359494
29 data 20.442789 19.965506 20.351353 20.498592 20.55017 20.591706 21.333922 20.3922 20.674084 20.659677 20.353407 20.614479 20.30223 20.25949 20.197757 20.824484 21.057678 20.713455 20.45153 20.273446 20.419958 20.246688 20.27801 20.368303 20.245757 20.028455 20.107674 21.155371 20.548306 20.737805 20.636794 20.830853 20.713094 20.507514 20.659395 20.075796 20.793385 20.629573 20.922453 20.627022 20.419505 20.810972 20.924353 20.6785 20.766757 20.692541 20.882792 20.470945 20.684758 20.701565 20.900811 20.709619 20.759532 20.631204 20.580442 20.513543
30 data 24.95616 25.043793 24.978498 24.792975 25.193183 24.952276 24.76275 24.625364 24.411831 24.907534 25.014433 24.439307 25.255599 24.972701 24.844465 24.938844 25.080194 25.085943 24.871214 25.030721 25.357374 25.396377 25.159797 25.231157 25.075289 25.097664 25.634136 25.082098 25.199426 25.156946 25.44576 25.436306 25.147819 25.321188 25.397348 25.51908 25.417679 24.990398 25.290538 25.261842 25.284254 25.565942 25.413178 25.347699 25.349402 25.358262 25.440558 25.444959 25.526242 25.482927 25.567925 25.227456 25.380351 25.715155 25.518612 25.423241
31 data 26.930552 26.984205 26.940095 26.850827 27.085202 27.014 26.836443 26.656117 26.656611 27.033853 26.758616 26.842677 27.224117 27.05485 26.675933 27.420443 27.285377 27.111798 27.007705 26.998122 27.283378 27.145145 27.146736 27.107233 27.038831 27.130444 27.56468 26.811666 26.819664 27.032109 27.52729 27.411388 27.139241 27.392345 27.201119 27.231594 27.197581 26.958112 27.19537 26.953904 27.345725 27.716672 27.239169 27.201732 27.291569 27.336768 27.360499 27.224691 27.297772 27.329548 27.477989 27.212335 27.444184 27.586817 27.45186 27.400221
32 data 27.328348 27.40142 27.278214 27.353181 27.260597 27.26372 27.502059 27.188911 27.275034 27.430686 27.264719 27.250888 27.646491 27.494091 27.066222 27.551438 27.351415 27.254013 26.939468 27.312906 27.540173 27.174788 27.43305 27.520402 27.458503 27.440435 27.629087 27.227827 27.217572 27.466653 27.835423 27.851015 27.365087 27.556241 27.499219 27.423845 27.550556 27.422439 27.543675 27.370435 27.700301 27.906154 27.534407 27.534986 27.627759 27.809304 27.866106 27.607359 27.640467 27.64038 27.703256 27.500559 27.829664 27.972902 27.588866 27.66153
33 data 28.03787 28.075486 27.726164 27.976995 27.645134 28.034253 28.257441 27.720085 27.726066 27.964306 27.713048 28.041373 28.556289 28.311182 28.145911 28.136732 28.307142 28.084631 27.457648 27.726519 27.616127 27.696412 27.939272 27.840183 27.699886 27.613471 27.567126 27.744904 27.734264 27.92199 27.87505 28.211424 27.753458 27.767905 27.814513 27.615577 27.945269 28.250054 28.215133 28.031787 27.92441 28.29242 28.498188 28.23797 28.401196 28.345011 28.385818 28.183851 28.289831 28.23882 28.170423 28.090354 28.286383 28.736783 28.079293 28.312941
34 data 28.297052 28.463648 28.409757 28.29704 27.970094 28.049685 28.117688 28.203045 28.151909 28.417704 28.260496 28.152259 28.647631 28.43142 28.144898 28.391445 28.646502 28.234898 28.084508 28.216432 28.403879 28.279327 28.696222 28.543235 28.245511 28.336782 28.738107 28.314265 28.321113 28.379552 28.810332 28.874724 28.350524 28.581906 28.631529 28.437889 28.51268 28.345772 28.559948 28.478708 28.589983 28.991252 28.510819 28.465349 28.700727 28.751032 28.753036 28.664866 28.716043 28.620651 28.620166 28.621725 28.730899 28.890619 28.527449 28.677953
35 data 28.534124 28.735845 28.767164 28.748913 28.402779 28.322641 28.202782 28.513126 28.427077 29.005756 28.507364 28.523554 28.983435 28.700138 28.278092 28.520915 29.001494 28.327315 28.392041 28.177368 28.352575 28.616767 28.836076 28.791054 28.787341 28.681821 29.059194 28.417433 28.690443 28.500445 29.152188 29.051579 28.611562 28.921489 28.782164 28.815983 28.770711 28.566273 28.809909 28.703385 28.951748 29.30639 28.623446 28.490122 28.805738 28.965246 29.062982 28.827144 28.948121 28.905257 28.87854 28.65338 28.939543 29.220447 28.644521 28.907855
36 data 27.319568 27.537348 27.58725 27.635224 27.352337 27.160709 27.02045 27.39278 27.416649 28.008616 27.307512 27.181186 27.668617 27.465228 26.986595 27.282898 27.803983 27.215852 27.638748 27.216926 27.246802 27.480663 27.629681 27.643496 27.637796 27.555988 27.943948 27.429 27.548408 27.447932 28.121721 28.067155 27.64724 27.808153 27.814145 27.820254 27.833616 27.771538 27.922957 27.752734 27.988405 28.625612 27.995272 27.841753 28.13054 28.166786 28.129085 27.850287 27.870953 27.976382 27.971434 27.860336 27.954904 28.329723 27.647943 28.008841
37 data 28.453422 28.431066 28.527352 28.699648 28.37644 28.359654 28.259944 28.420469 28.254122 28.545855 28.18568 28.408664 28.694269 28.730209 28.379813 28.588922 28.735456 28.385644 28.558085 28.381895 28.537188 28.660359 28.721259 28.637198 28.749286 28.506812 28.781453 28.667542 28.71122 28.72134 28.848857 29.21271 28.920244 28.795183 28.604781 28.709382 28.744156 28.73308 28.928738 28.919683 28.821522 29.262789 28.98693 28.911265 29.025149 28.915555 28.910665 28.772233 28.855324 28.877044 28.889743 28.888998 28.925596 29.095533 28.860572 28.95242
38 data 28.272938 28.587832 28.328038 28.544757 28.256788 28.289808 27.981482 28.41843 27.883066 28.171867 27.820784 28.352619 28.362913 28.522962 28.311919 28.176249 28.766587 28.251852 28.444094 28.09292 28.253446 28.741828 28.464616 28.545619 28.677436 28.03367 28.632141 28.448659 28.616236 28.623889 28.480604 28.825304 28.832754 28.780728 28.370716 28.783016 28.450919 28.272469 28.693894 28.720158 28.292541 29.141968 28.726643 28.618082 28.804636 28.732842 28.724038 28.583008 28.789028 28.539548 28.588562 28.593468 28.768598 29.001606 28.541078 28.613577
39 data 27.687877 28.128785 27.835104 28.017772 27.853781 27.955608 27.709641 28.054116 27.561818 27.909205 27.591391 27.819721 27.964708 28.233295 27.938762 27.717801 28.355486 27.630524 27.840508 27.487319 27.429934 27.97127 27.703023 27.949926 28.002157 27.595334 28.276364 27.976862 27.944796 28.178634 28.136121 28.604507 28.295884 28.127579 27.848009 28.082348 27.857437 27.801062 28.173383 28.226855 27.813314 28.696665 28.212348 28.102164 28.201611 28.251581 28.332186 28.072768 28.27209 27.957531 28.083203 28.137913 28.310757 28.508259 28.014419 28.057044
40 data 26.129239 26.526503 25.97915 26.262322 26.075579 26.499489 26.333357 26.754629 25.82668 25.882209 26.076609 26.36846 26.549623 26.89932 26.690676 26.077914 27.048386 26.434241 26.698123 26.543085 26.487707 26.489267 26.220676 26.441764 26.666885 26.062503 26.735715 26.304629 26.576831 26.609541 26.562889 26.86271 26.578197 26.472074 26.088839 26.305801 26.122175 26.196138 26.76009 26.908001 26.28104 27.397531 26.79642 26.555854 26.809204 26.778008 26.789468 26.714305 26.766958 26.498576 26.597185 26.684191 26.713276 27.128481 26.819712 26.642709
41 data 22.489135 23.085868 22.828028 22.383112 22.168525 22.362106 22.467434 22.610097 22.315546 22.372139 22.4873 22.552572 22.866949 22.890568 22.629404 22.448918 23.575962 22.576818 22.836241 22.915988 22.952993 22.916917 22.76879 22.882015 22.775856 22.736749 22.993513 22.480464 22.766434 22.895246 22.935171 23.114796 22.780669 22.883389 22.84825 22.824861 22.795017 22.672163 22.890136 22.932854 22.916277 23.643681 23.086288 22.652224 23.077506 23.10712 23.038422 23.130475 23.16198 22.986597 23.037998 22.737426 23.046936 23.502865 23.070548 22.833261
42 data 14.22987 14.276969 14.619735 14.319519 14.902713 14.41591 14.441228 13.947505 14.072999 14.251901 14.421093 14.234166 14.341796 14.422863 14.610246 14.735896 14.694656 14.811221 14.438576 14.768793 14.520725 14.543668 14.656021 14.478313 14.625451 14.599632 14.515683 14.477613 14.843344 14.576105 14.338945 15.006307 15.293651 15.102562 14.59252 14.585366 14.789968 14.500418 14.301792 14.269915 14.722016 14.848625 15.106427 15.130911 15.256525 14.769729 14.733252 14.640278 14.766597 14.735428 14.915433 14.896918 14.907756 15.044094 15.013026 14.885703
43 data 16.669094 16.83764 16.972237 16.390655 17.177727 17.130095 17.120108 16.668937 16.833339 16.958886 17.052708 16.427065 16.751976 16.580262 16.71527 16.842592 16.867604 17.110265 17.154666 17.347352 16.903588 17.276358 17.002391 17.080041 16.809756 16.814031 17.346241 17.208717 17.38687 16.726941 16.663781 17.106879 17.287623 17.196837 17.18107 17.071832 16.973093 17.129324 17.07369 17.22827 17.34283 17.283207 17.383818 17.468583 17.245783 16.984554 17.006056 17.145041 16.990161 17.06511 17.254814 17.408904 17.165617 17.344028 17.636346 17.593844
44 data 21.600039 21.868765 21.991433 21.541335 21.871257 22.16541 21.977906 21.562922 21.684926 21.618619 22.15066 21.170277 21.797376 21.722696 21.673213 21.693385 21.875975 21.747568 21.903187 21.824032 21.596226 21.996537 21.83613 22.010522 21.703961 21.858974 22.620904 22.650966 22.289477 21.657222 22.059571 22.718136 22.654983 22.148514 22.135408 22.065106 21.710445 22.371306 22.439994 22.688075 22.385427 22.88766 22.737628 22.69938 22.400955 22.151889 22.160556 22.158422 22.128447 22.20288 22.384957 22.633026 22.196736 22.40855 23.047397 22.805716
45 data 27.305948 27.421987 27.675631 27.615523 27.643649 27.574672 27.392461 27.49262 27.340794 27.355635 27.284095 27.075912 27.431422 27.58771 27.379943 27.338001 27.936889 27.309798 27.418853 26.664078 26.871551 27.349519 27.415979 27.835327 27.716632 27.463329 27.832158 27.837053 27.41865 27.177522 27.313089 28.061503 27.819474 27.671413 27.420315 27.670045 27.371668 27.616412 27.709893 27.785009 27.48533 28.283412 28.012389 27.752818 27.68073 27.745645 27.793445 27.533016 27.861902 27.688512 27.81177 27.798703 27.734527 28.198422 27.704456 27.791403
46 data 15.332899 15.210377 15.432745 15.534246 15.458636 15.898751 15.234705 14.925112 14.717045 15.046077 15.167447 15.010945 15.173616 15.857301 16.293169 15.428101 15.532903 15.884547 15.816776 15.019215 14.815986 15.378241 15.328206 15.05617 15.525188 15.172747 14.721332 15.383465 15.757497 15.649929 15.297374 15.235488 15.844481 15.593393 14.85889 14.623026 14.804228 14.991103 15.266482 15.471009 15.206946 15.781962 16.070013 15.603525 15.97039 15.600317 15.397048 15.110658 15.586045 15.377133 15.333348 15.342629 15.125104 15.48116 15.632755 15.25958
47 data 20.496596 21.098372 21.150268 21.485335 21.373529 20.931288 20.77148 21.171369 20.868074 21.392821 21.187092 20.593738 20.769627 20.785192 21.089782 20.909501 21.315129 20.916031 21.380347 20.742626 20.886502 21.253679 21.321152 20.90847 20.636211 20.966282 21.741227 21.311648 21.345984 21.284232 21.460162 21.644866 21.489655 21.804418 21.47805 21.693436 21.550907 22.021786 21.83985 21.881277 22.132133 22.887619 22.433742 22.323419 22.658483 22.237945 22.089392 22.26588 22.091937 22.158704 22.32204 22.180712 22.114861 22.035731 21.664226 21.924698
48 data 14.1647 14.831471 15.369188 15.487554 15.436558 14.666482 14.03483 14.865484 14.788175 15.23227 15.00316 14.214221 14.078097 14.34339 14.72453 14.821693 15.308004 14.807167 15.578235 14.508759 12.35402 15.405891 14.928845 13.584917 12.671276 14.652588 15.450144 14.851375 14.901055 14.961113 14.851615 15.025582 15.318721 15.69573 15.172982 15.227204 14.879833 15.543743 15.285805 15.070225 15.889645 16.28178 15.891975 15.680426 15.738206 15.341404 14.965546 15.540281 15.304297 15.465657 15.325037 15.59361 15.347025 15.04406 14.924303 15.290186
49 data 22.269451 22.474865 22.710875 22.754201 22.776984 22.439123 22.107511 22.614764 21.987184 22.711389 22.720778 22.112933 22.684664 22.434133 22.40509 22.581773 22.717534 22.416503 22.662624 22.169706 22.765653 22.616002 22.822327 22.694229 22.061805 22.291144 22.708671 22.198127 22.421777 22.213972 22.716687 22.906112 22.627849 22.86298 22.91508 22.538608 22.58644 22.976921 22.895268 22.434384 22.745841 23.598369 23.433643 23.14707 23.390713 22.949713 22.867196 22.995561 22.899634 22.940215 23.124641 23.125225 22.910998 23.165432 22.731966 22.888426
50 data 12.801929 13.298734 13.403722 13.070698 13.15879 12.744964 12.119321 12.727831 12.334245 12.538758 13.130345 12.864871 12.27776 12.570605 12.541014 13.178587 13.663789 12.233883 13.442115 12.6894 12.85817 13.302918 13.210708 12.407888 12.054634 12.87281 12.948729 12.68026 12.853501 12.002897 12.489316 12.970378 13.070788 13.639336 13.186962 13.186032 12.788248 13.540915 13.354557 12.853965 13.296761 14.13108 13.607616 13.685925 13.874211 13.560876 13.377696 13.744509 13.597744 13.292169 13.671987 13.769237 13.523326 14.218961 13.559544 13.679517
51 data 6.7657731 6.5599658 6.8881658 6.745348 7.0200784 6.9867904 7.1163494 6.2872696 6.4623459 6.2099742 6.7072421 7.122137 6.496338 6.6123791 6.405636 6.8654597 7.0219904 6.6273818 6.906413 6.0680185 6.6293093 6.6439094 6.3526436 6.4075491 6.1209224 6.9715035 6.3165609 6.9762554 6.1803799 6.3931974 6.3554157 6.5241905 6.9428524 7.4674565 7.0473805 6.7809935 6.7037998 7.2913883 7.1746784 7.1941463 7.1393037 7.3579848 7.2248155 7.3179978 6.8732372 6.7748816 6.7618826 7.1628782 7.198436 7.118125 7.2010624 7.4819534 7.1868887 7.2325715 7.4579039 7.3760972
52 data 4.4186025 4.2426294 4.3142741 4.2574236 4.2555729 4.2527544 4.3641723 4.0361046 3.993077 3.8750191 4.0226505 4.5405326 3.9283368 4.2001774 4.2600058 4.2319171 4.5872867 4.3645826 4.4215963 3.8821973 4.0454601 4.2950864 3.8894429 3.7856453 4.1671557 4.1682276 4.3050638 4.5967916 3.9215405 4.3232919 4.0599794 4.5187846 4.7378399 4.8934685 4.6619614 4.1878464 4.3601077 4.690918 4.6678726 4.8508313 4.7775171 4.6636561 4.5338513 4.5136671 4.1996933 4.3473425 4.3760267 4.5918009 4.7860163 4.7034369 4.5675335 4.8725353 4.7230873 4.5061184 4.6726285 4.6144348
53 data 5.2064312 4.8892277 5.1930811 4.7440258 4.6094874 4.924268 4.9765582 4.4673217 4.5485202 4.7624106 4.9972068 4.725548 4.8950706 4.8671064 4.4923835 4.4010805 4.7513716 4.9357674 4.7427686 4.1630492 4.8181418 4.8393726 4.853885 4.6846497 5.2728666 4.801189 4.9134153 5.1582854 4.7058476 5.2166573 4.736997 4.6958031 5.0351323 5.0668906 5.128994 4.7640638 5.0957602 5.1612843 5.0922828 5.6298199 5.5569071 5.0977082 4.7882823 4.8602774 4.9348224 5.1076043 5.3295392 5.3424017 5.3958523 5.204129 4.9588059 5.1099975 5.01192 4.9227781 5.04117 4.8728702
54 data -0.35855503 -0.2497344 -0.45280976 -0.51740636 -0.48968758 -0.42465239 -0.76483511 -0.70358082 -0.877995 -0.67249444 -0.44633898 -0.086283224 -0.54432865 -0.72254272 -0.49740423 -0.21288473 -0.55886036 -0.31026895 -0.83230698 -0.66643694 -0.25072057 -0.21251986 -0.13415728 -0.59209672 -0.52054774 -0.3667498 -0.9855508 -0.33905562 -0.79067271 0.002793511 -0.41529122 -0.89243969 -0.077698859 0.016475237 -0.32303733 -0.47371109 0.1749769 -0.84343354 -0.19965782 -0.002406366 0.26040378 -0.18689425 -0.26597632 -0.37662041 -0.39187327 0.099568886 0.15235101 0.29286769 0.32697396 -0.040444116 0.73221374 -0.05213254 0.31830275 -0.017822487 0.35544958 -0.23365951
55 data -1.4203151 -1.030527 -1.3016192 -1.4141555 -1.2742829 -1.2730433 -1.2137339 -1.6100769 -1.3533903 -1.4493479 -1.5828382 -1.1449045 -1.3557463 -1.3348499 -1.2404993 -1.2702839 -1.3126815 -1.6586439 -1.4714026 -1.4895546 -1.1126465 -1.4960739 -1.2692745 -1.4861533 -1.2737303 -1.1262796 -1.5717147 -1.6246628 -1.6153619 -1.4952048 -1.081074 -1.1735928 -1.3689596 -1.4166993 -1.5566424 -1.6264206 -0.91665362 -1.5465465 -1.0500566 -1.4921462 -1.1560927 -0.61523131 -1.1061637 -1.3635138 -1.3897631 -1.187098 -1.1348822 -1.0921177 -1.1412922 -1.224348 -0.84825307 -0.54155092 -0.8460038 -0.87448852 -0.87974381 -0.50089783
56 data -1.3805433 -1.3465113 -1.3784419 -1.3904756 -1.4174625 -1.335957 -1.3835734 -1.4751809 -1.7283263 -1.4761912 -1.6498724 -0.84291174 -1.4150652 -1.4507917 -1.2876343 -1.5099027 -1.3884351 -1.2068977 -1.5444552 -1.4127079 -1.1736194 -1.3952963 -1.6831583 -1.5603141 -1.2182901 -1.4909294 -1.5291283 -1.6257279 -1.6094068 -1.4258622 -1.4785345 -1.4470433 -0.95932689 -0.20020782 -0.88293183 -1.0403868 -0.76630333 -1.5455979 -0.98188228 -1.6233104 -1.3802377 -1.4497353 -1.2777103 -1.259564 -1.3619996 -0.98307024 -0.95162539 -1.1407048 -0.91296833 -1.0112931 -0.87272199 -1.0237812 -0.85875868 -0.98835324 -0.90597832 -0.61797142
57 data -0.89770583 -1.0127266 -0.9185592 -0.91830727 -1.110335 -0.99116608 -1.084151 -1.1630586 -1.1918009 -1.2761413 -1.2334862 -0.55714536 -1.2869906 -1.1998202 -0.5260784 -1.3269389 -0.67839754 -0.96043007 -0.84085481 -1.117839 -0.77893116 -0.99783574 -1.1738055 -0.7567089 -0.72606128 -1.0167029 -0.74384844 -1.2183257 -0.89228738 -1.0629601 -1.082089 -0.55336069 -1.0635 -0.21546632 -0.27930344 -1.0486537 -0.94380682 -0.74097771 0.020252152 -1.3658642 -0.85714984 -1.0554614 -0.76540494 -0.73263709 -1.0837944 -0.85187311 -0.66557433 -1.1577461 -0.52108369 -0.66456742 -0.44363726 -0.91224378 -0.57871793 -0.52486319 -0.41750201 -0.39949156
58 data -0.76779365 -0.80375057 -0.75533227 -0.77171832 -0.82249271 -0.49867534 -0.65405194 -0.69332602 -0.53576713 -1.2244772 -0.67070717 -0.88239437 -1.0930213 -1.0060473 -0.60895132 -0.80857498 -0.90450282 -1.0891287 -0.42597441 -0.45681528 -0.59401881 -0.83135517 -0.79501454 -0.90824071 -1.0089425 -0.84034248 -0.84810989 -0.54501755 -0.30824671 -0.89380431 -0.54629423 -0.63562872 -0.56088909 -0.64057812 -0.6420755 -0.7362252 -0.48068502 -0.59356162 0.014994432 -0.77006065 -0.36221382 -1.0022896 -0.87305696 -0.41494782 -0.43302099 -0.70933779 -0.87030011 -0.461888 -0.30398931 -0.42410859 -0.27780729 -0.21279397 -0.23615444 -0.13337149 0.19845332 0.37541463
59 data 6.6318934 6.6562251 6.5031251 7.2470976 6.7711665 6.2370724 5.7468782 6.1902998 5.8523566 6.3863547 5.9205944 5.7599941 5.3311213 5.5194152 5.7405171 6.0198018 5.7980162 6.1322939 5.4125039 5.8917147 5.7607485 5.9850961 5.6506274 6.2354384 5.4316581 5.4186371 5.6714386 5.8769716 6.1542185 5.7690876 6.0897491 5.7135884 5.560225 5.884239 6.0418219 5.5116394 5.3589146 5.8507041 5.3311618 5.9103364 5.9220652 6.162215 6.1961899 6.1704205 6.2144448 6.3423334 7.098365 6.7890549 6.1910623 6.2954386 6.4449923 6.5361633 6.7004747 6.8564317 6.4808961 6.5862684
60 data 9.8983103 10.090831 10.208532 10.313105 9.9274812 9.7258842 9.6153939 9.8090763 9.8676447 9.919033 9.6291515 9.9682724 9.6400419 9.4679467 9.8812142 9.5425904 9.3897601 9.6018662 9.3410241 9.6293621 9.5586222 9.4112332 9.1325405 9.6804075 9.4105464 9.3237935 9.2250029 9.542216 9.5307511 9.2595132 9.6218985 9.5473885 9.3744227 9.5327633 9.5680802 9.2817879 9.0863837 9.3165426 9.2995946 9.4554076 9.8134142 9.7849971 9.5762433 9.6349527 9.8705759 10.001201 10.368331 10.12136 9.896517 10.014552 10.039645 10.083044 10.243178 10.216209 10.027809 9.9357336
61 data -1.2685194 -1.2726506 -1.2758161 -1.2707975 -1.2699296 -1.2693734 -1.2693276 -1.2734548 -1.2656914 -1.2753848 -1.2772434 -1.2795172 -1.2803453 -1.2881891 -1.2881324 -1.2952715 -1.3426113 -1.309997 -1.2887981 -1.3180381 -1.3505246 -1.3196406 -1.2348053 -1.2698158 -1.2989985 -1.2564207 -1.2245269 -1.1984819 -1.1661325 -1.2632467 -1.2750086 -1.179935 -1.1270642 -1.1354292 -1.1781663 -1.1967605 -1.2060871 -1.2231501 -1.2293621 -1.1827531 -1.1428364 -1.1984699 -1.2054593 -1.2055539 -1.2388123 -1.1719154 -1.2250512 -1.2107227 -1.2344641 -1.2100983 -1.2198146 -1.2315187 -1.1374556 -1.0600612 -1.1292863 -1.3191506
62 data 14.82112 14.890605 14.584615 15.024806 15.280651 15.236857 15.221578 14.610444 14.532927 16.104388 15.657264 15.496122 14.846018 15.346832 15.104807 15.338867 14.788711 14.866622 15.150511 14.371855 14.755895 14.780215 15.437961 14.693095 15.249005 14.694894 14.836637 14.834761 13.964142 14.859011 13.823764 14.600279 14.630126 14.816666 14.452049 13.939121 14.210732 15.330152 15.027295 14.790937 14.388378 14.865476 15.440828 15.640538 15.836624 15.679937 14.994771 14.881266 15.135829 15.16783 15.418332 15.652501 15.547504 15.793856 15.309768 15.860041
63 data 0.48392129 0.64576058 0.57229558 0.76985912 0.50682071 0.37987834 0.44392657 0.5524888 0.22113614 0.74690088 0.50422352 0.65078342 0.38486212 0.37926095 0.67327741 -0.093581794 0.5359005 0.28611524 0.75590266 0.58462117 0.8226286 0.3262054 0.70970344 0.89702966 0.96914214 0.53957546 0.81916216 0.93805167 0.66136841 0.35238831 0.98505391 1.2224713 0.77720213 0.85560068 1.0447081 0.24136997 0.83386267 1.099237 1.0577065 0.79268531 0.8273652 0.6904859 1.5734178 0.84648124 1.0215646 0.77823043 0.85509494 0.60843727 1.1732378 1.1650392 0.95763734 0.91252384 0.72740631 1.3459036 1.2093387 1.1061468
64 data 0 0 0 0 0 0 0 0 0 0 0 0 0 0 0 0 0 0 0 0 0 0 0 0 0 0 0 0 0 0 0 0 0 0 0 0 0 0 0 0 0 0 0 0 0 0 0 0 0 0 0 0 0 0 0 0
1 trend 0 4.738891679 55 4.907422475                                                    
2 trend 0 9.299040885 55 9.362606171                                                    
3 trend 0 17.17061433 55 17.19142058                                                    
4 trend 0 23.34918232 55 24.47907159                                                    
5 trend 0 25.96103785 55 26.11849614                                                    
6 trend 0 24.95004734 55 24.71455998                                                    
7 trend 0 11.46228799 55 12.89566569                                                    
8 trend 0 7.220149749 55 8.684854054                                                    
9 trend 0 4.742353827 55 5.789321606                                                    
10 trend 0 24.89035675 55 25.01526768                                                    
11 trend 0 27.18160122 55 27.45263004                                                    
12 trend 0 27.73866933 55 27.88680658                                                    
13 trend 0 16.20798987 55 16.45148525                                                    
14 trend 0 10.73389908 55 10.79309037                                                    
15 trend 0 21.79438167 55 22.86970302                                                    
16 trend 0 26.63884399 55 27.22558218                                                    
17 trend 0 27.63500503 55 28.01631191                                                    
18 trend 0 0.570826007 55 1.162471786                                                    
19 trend 0 1.385749814 55 1.875143287                                                    
20 trend 0 3.25256378 55 3.425151885                                                    
21 trend 0 8.311587061 55 8.706358937                                                    
22 trend 0 9.669173572 55 10.66863457                                                    
23 trend 0 7.554891528 55 8.477161976                                                    
24 trend 0 12.68505725 55 13.19205004                                                    
25 trend 0 16.18599452 55 17.08297959                                                    
26 trend 0 19.47551135 55 20.13842919                                                    
27 trend 0 21.50793931 55 22.10413912                                                    
28 trend 0 26.97764866 55 27.64052561                                                    
29 trend 0 20.4328918 55 20.70603294                                                    
30 trend 0 24.81924309 55 25.54101667                                                    
31 trend 0 26.87087676 55 27.41549481                                                    
32 trend 0 27.23625005 55 27.71299402                                                    
33 trend 0 27.80961721 55 28.21051098                                                    
34 trend 0 28.19431319 55 28.72436523                                                    
35 trend 0 28.49730334 55 28.92020399                                                    
36 trend 0 27.27185034 55 28.07983824                                                    
37 trend 0 28.37196745 55 29.01322889                                                    
38 trend 0 28.2226855 55 28.76285863                                                    
39 trend 0 27.77907156 55 28.22260564                                                    
40 trend 0 26.24608574 55 26.77334629                                                    
41 trend 0 22.5344155 55 23.11375328                                                    
42 trend 0 14.32336191 55 14.93815249                                                    
43 trend 0 16.77335011 55 17.32772326                                                    
44 trend 0 21.61069372 55 22.57023749                                                    
45 trend 0 27.32118319 55 27.82060743                                                    
46 trend 0 15.32277218 55 15.41072459                                                    
47 trend 0 20.69521468 55 22.26448912                                                    
48 trend 0 14.51265388 55 15.44349968                                                    
49 trend 0 22.33281633 55 23.0317936                                                    
50 trend 0 12.5547887 55 13.60886456                                                    
51 trend 0 6.488412055 55 7.172966778                                                    
52 trend 0 4.080799477 55 4.649436203                                                    
53 trend 0 4.724737754 55 5.135300148                                                    
54 trend 0 -0.68908211 55 0.067216089                                                    
55 trend 0 -1.494174223 55 -1.036856625                                                    
56 trend 0 -1.540602796 55 -1.002364809                                                    
57 trend 0 -1.104948137 55 -0.646160677                                                    
58 trend 0 -0.937908894 55 -0.326434104                                                    
59 trend 0 5.940835552 55 6.190843248                                                    
60 trend 0 9.633861666 55 9.763329695                                                    
61 trend 0 -1.302642024 55 -1.178172319                                                    
62 trend 0 14.85156372 55 15.15924143                                                    
63 trend 0 0.401604229 55 1.064567205                                                    
64 trend 0 0 55 0                                                    
